logFC	AveExpr	t	P.Value	adj.P.Val	B
NQO1	5.33189119528761	4.61306776284329	37.6696199926283	1.70843368439584e-128	3.10388231781036e-124	271.375947636827
TRIM16	1.48538980015528	2.40082834884508	10.9901339984351	1.69735847725282e-24	1.54188044073646e-20	44.6105851351459
TKT	1.23992436902929	5.94739822407473	10.7370733607243	1.38623240393382e-23	8.39502343822319e-20	42.5781031047459
SPP1	3.14687421239502	6.75764119065668	9.56468468331314	1.65267567350003e-19	7.2580431317437e-16	33.4976149944254
TXNRD1	1.19987605119166	5.62528557281811	9.54020295485995	1.99747994598847e-19	7.2580431317437e-16	33.3143877594723
TRIM16L	1.47205180511866	3.0670749076099	9.33711975309841	9.51376485347195e-19	2.88076799763131e-15	31.8053282846373
UGDH	1.01900982136118	6.35466231910025	9.28284563621624	1.43894962744431e-18	3.73469097591547e-15	31.4053634287513
VSIG10L	1.16595167874938	2.19811935674734	8.95361064749581	1.71568065784706e-17	3.80467906325986e-14	29.0101560229412
AKR1B10	3.09391650382172	7.3146787587961	8.94098043407666	1.88474854520799e-17	3.80467906325986e-14	28.9193530841468
CABYR	1.31003263759106	1.52950249529053	8.70046528856912	1.11078167795251e-16	1.68172346042009e-13	27.205917914464
G6PD	1.30949629199603	4.21521858822211	8.66859028464591	1.40193778807739e-16	1.95926197952231e-13	26.9811111339623
AKR1B15	1.36713095688685	1.50313339008024	8.42388487257501	8.2210442637881e-16	8.78587836379425e-13	25.2734087949881
FLNC	1.38827308351636	1.50445696999356	8.34240540064373	1.47076022074426e-15	1.48448731613787e-12	24.7120416465011
HMGA1	1.08446442034509	6.14635391290858	8.32316338089534	1.68641346638499e-15	1.61256630827803e-12	24.5800072084392
SLC1A5	1.251742737837	3.60152924095284	7.92745158846394	2.68323185980283e-14	1.94995825715591e-11	21.9112358690394
ME1	1.31963502208411	3.65314924124098	7.8837434737891	3.62215825307779e-14	2.43731004229323e-11	21.6220104954282
TM4SF1	1.11043674577001	5.79392026304636	7.8119521264892	5.91472076263404e-14	3.81246553979836e-11	21.1494034678022
AP1M2	1.84402520720286	2.55384549557574	7.78499977487806	7.10464995497299e-14	4.30257601273164e-11	20.9727658108079
GPX2	1.94331083714474	8.04444592599812	7.77914204976904	7.39297912697701e-14	4.33276273480382e-11	20.9344334368487
MPZ	1.44887987337849	2.82286914987807	7.7677803465269	7.98553876574674e-14	4.53378963425271e-11	20.8601421196269
S100P	2.34138601094167	3.58883038056307	7.64992445508128	1.76867556355243e-13	9.180942182463e-11	20.0940954217971
SFN	1.85314426013084	4.4211155147072	7.59796766876731	2.50454229574951e-13	1.22979795754533e-10	19.7590591882035
GCNT3	1.03191786134077	1.27987527592331	7.49269194149684	5.04244077023663e-13	2.23441619301607e-10	19.0852802964759
ARHGEF16	1.02913320106467	2.48769323329622	7.39812468665924	9.39925094351475e-13	3.63331044982502e-10	18.4858939936826
ETV4	1.4291593875533	2.97033340530304	7.25300283639079	2.41756135925336e-12	7.70565873244124e-10	17.57701395294
PHLDA2	1.2015218762888	3.55978775917201	7.18628787330175	3.71569717380795e-12	1.14418281786005e-09	17.1636824379134
TINAG	1.33273616776882	1.2150173852194	7.14028242333536	4.98926564618965e-12	1.43880917872974e-09	16.8803229275608
LAPTM4B	1.10641432230973	6.05447421805262	7.11970666982937	5.68971518611059e-12	1.60413911099712e-09	16.7540340745483
SNCG	1.34401889788137	3.82522009623846	7.11834998361419	5.73915908271756e-12	1.60413911099712e-09	16.7457167099192
MSC	1.46376532977341	2.62101508530045	7.09212654373395	6.78234572487584e-12	1.81208319308153e-09	16.5851847423861
LY96	1.16608455288703	4.21914551388848	7.08550173867226	7.07412743493038e-12	1.8360392462545e-09	16.5447003980261
SEL1L3	1.16027290039356	2.92337281613872	6.9969505971956	1.23878256107467e-11	2.81327519620058e-09	16.0063135096968
PTP4A3	1.02643945434683	4.04364848529629	6.89410979195819	2.35927168087737e-11	4.81609526945844e-09	15.3875203064226
CLDN4	1.64197637424539	2.75194432832468	6.82856723091237	3.54407103197204e-11	6.92351424826539e-09	14.9968161594928
CTHRC1	1.20048201200763	2.5738296065954	6.75429316539086	5.60097994308202e-11	1.00751092679123e-08	14.5575433247331
S100A9	1.26069651677688	4.84632921980317	6.45624412446258	3.38474838669646e-10	4.39243633496437e-08	12.8326109269186
CCL20	1.57730290486903	4.68728638152054	6.42509321325279	4.07053058955794e-10	5.03084352048222e-08	12.6558713635923
EPS8L3	1.26649505150533	2.8271481928285	6.40020215876232	4.71480663656997e-10	5.63543466928968e-08	12.5151361593087
UCHL1	1.25299236512783	1.58418743451582	6.35801199253515	6.04223749294634e-10	6.73468532342632e-08	12.2775846121145
LGALS3	1.05857309536004	5.24204572763149	6.33514820953878	6.90804809346949e-10	7.42635608060081e-08	12.1493740236436
SOX9	1.1959079579908	3.77469923013017	6.30446628505249	8.26322108242002e-10	8.72826747822133e-08	11.9779030732981
PTGES	1.16060159349054	1.76704333343823	6.26970052207947	1.0114641472031e-09	1.02090447924366e-07	11.7844153728685
S100A11	1.00186893549833	7.28268659989776	6.26652152261232	1.03029267588709e-09	1.03416338870258e-07	11.7667656109248
TGM3	1.29722566533896	2.89191985861098	6.16734790709997	1.82510589666202e-09	1.58653224548113e-07	11.2197780616611
SLC39A4	1.08892110141508	2.3788515789029	6.1633673266787	1.86720495874728e-09	1.60774311329481e-07	11.1979704375478
MMP7	1.40909643573591	2.10028872181653	6.13940667143836	2.14143010410475e-09	1.79288028255185e-07	11.0669427459872
CAPG	1.00631284168362	4.3729899529567	6.12225202889185	2.36157719714488e-09	1.93266371701478e-07	10.9733875235304
CYP4A22	-1.15981271726951	4.81138607373003	-6.08484580707408	2.92114909755078e-09	2.30745377410011e-07	10.7701247433046
MMP9	1.17690403955754	3.15771954392386	6.03664556511605	3.83628883975466e-09	2.86821792759929e-07	10.5097036273984
TMEM92	1.08474589469306	2.24533676033781	6.02530169249063	4.08941350262712e-09	3.04493707031678e-07	10.4486594247244
CXCL1	1.37157077687446	2.38238082599635	6.00234547775748	4.65257974077559e-09	3.36765214065382e-07	10.3254134120554
SPINT1	1.40878988921221	2.68042482073122	5.99177445778413	4.93674323304625e-09	3.50354496320251e-07	10.268789738384
LGALS3BP	1.12037260432666	7.46766348012113	5.93998766723717	6.59271212573641e-09	4.42417007769085e-07	9.9925762204666
S100A6	1.07031365737067	6.79374463719363	5.83793687347811	1.15913922490624e-08	6.90466932396608e-07	9.45405035477819
FNDC5	-1.32673137979018	2.93177594073204	-5.7741663611839	1.64284337536501e-08	9.35648227073088e-07	9.12145083085606
TSPAN8	1.34325727843106	5.387983309843	5.73567071560578	2.02486833494621e-08	1.10473897625534e-06	8.92214292889142
UBD	1.17705618301543	6.65408255967881	5.73170110268492	2.06886884600013e-08	1.11800608671933e-06	8.90165370165424
CXCL8	1.2299241224645	2.82357865367875	5.72582407026083	2.13572784301933e-08	1.13788573172948e-06	8.87134099050469
B3GNT3	1.20537933469801	2.93487564413974	5.71053611161998	2.3196666637402e-08	1.20386184801814e-06	8.79260976242161
CYP8B1	-1.71076135798863	5.6096283053733	-5.66082247580384	3.0309515808603e-08	1.4723617198147e-06	8.5378053825254
GCGR	-1.33307909809997	3.16589602781595	-5.49169340741636	7.42571460574461e-08	3.01812937264358e-06	7.68496257853383
TIMP1	1.1221026564989	7.95931800445756	5.48598372285726	7.65091075136313e-08	3.08207863704579e-06	7.65655186050147
VNN2	1.04266323607797	2.9109421521986	5.46536556186441	8.52074405658102e-08	3.34934102585589e-06	7.55416654507198
TESC	1.23045747520503	3.63389169792066	5.45763803402769	8.87091656477188e-08	3.46595294943603e-06	7.51587742607025
RTP3	-1.22298900063502	4.67616943287611	-5.32089792542041	1.79563445810021e-07	5.88864383299002e-06	6.84596657210947
AKR1C2	1.0737090857257	6.04305139101626	5.27366792565014	2.28326793059558e-07	7.05483193249328e-06	6.61795116199217
LY6E	1.08512538383454	5.79906651963197	5.26115492887836	2.43262801164704e-07	7.42789675892494e-06	6.55783307763259
LCN2	1.64611530985281	5.63841349129514	5.24437649950454	2.64784870543561e-07	7.93830285154358e-06	6.47741414953395
GYS2	-1.13628211158912	3.91170861348038	-5.20949575131286	3.15596424537825e-07	9.23310119324189e-06	6.31093694990909
TTC36	-1.25239635706582	3.25409744127269	-5.16921990715644	3.86061185019801e-07	1.09081797969514e-05	6.11989948084581
TRNP1	1.07459768765637	3.60857144544679	5.15763802478694	4.09000759568642e-07	1.13968187114158e-05	6.06520052163816
BHMT	-1.35404877007898	6.28181485864246	-5.13210024863434	4.64343126958153e-07	1.25538481109758e-05	5.94496475872577
KRT23	1.40065229564051	2.92164423432485	5.12302021277714	4.85715977454053e-07	1.28824640560368e-05	5.90233878229194
MOGAT2	-1.0124333491495	2.94874444592798	-5.0037941511827	8.71793495704959e-07	2.03386767693377e-05	5.34870685102987
SLC27A5	-1.00644488371087	6.04462330243056	-5.00372809604764	8.7207338195256e-07	2.03386767693377e-05	5.34840325945005
SPINK1	1.91601588640483	6.28292939424903	4.9918161813823	9.23992255088724e-07	2.11424323557329e-05	5.29371274226432
SLC22A1	-1.5165860288995	5.59761407125103	-4.97725842031954	9.91508965375374e-07	2.22554159361078e-05	5.22702864451141
G6PC	-1.08116999133904	7.57124897982127	-4.9387253937946	1.19403887396138e-06	2.58253550739648e-05	5.05134191164232
ADH4	-1.58294490363382	7.32989828664213	-4.88568793697078	1.53920335217872e-06	3.13852373764119e-05	4.81147580516785
SPP2	-1.29886219343594	5.86975086989775	-4.79697051870677	2.34209620295252e-06	4.37769586576558e-05	4.41532289376287
AGR2	1.0885597031538	1.29990802206744	4.69108668595269	3.83387327152161e-06	6.4998117067937e-05	3.95089174202948
LYZ	1.19810440872106	7.05567161580356	4.68794723000598	3.88977594420406e-06	6.5434675328055e-05	3.93726120124029
CYP2A7	-1.36422667982931	2.85368850381146	-4.67551745739753	4.11890626376148e-06	6.85905490375972e-05	3.88337431193795
LECT2	-1.16942286003326	5.18022501255816	-4.58042160407074	6.35591450125166e-06	9.74466284040001e-05	3.47530719237087
SLC10A1	-1.31164484819486	5.73694528310711	-4.55221549333824	7.21856839604254e-06	0.000107497500507624	3.35570591090401
GLYAT	-1.18713816715261	4.34572613008617	-4.5495262594692	7.30644975036241e-06	0.00010862813344074	3.34433723075322
CPS1	-1.32283840156807	6.97754272355407	-4.51445583892789	8.55085376520292e-06	0.000121940275672062	3.19662653282852
TAT	-1.36673769744188	6.74498847325297	-4.47658645913635	1.01223055755597e-05	0.00013801085375776	3.03827389576408
SLC22A7	-1.11662587207658	6.39365696768325	-4.2731896477407	2.45562709788079e-05	0.000278843006021765	2.20827206514954
HAO2	-1.14270321820187	4.21270603147594	-4.26094105277966	2.58745211174175e-05	0.000290716326321114	2.1593999705369
AKR1D1	-1.01359807008824	4.29854253314021	-4.23594378530439	2.87775419103246e-05	0.000313259665324612	2.06005422442595
CYP2A6	-1.56345374813805	6.60554847151948	-4.0694225104512	5.76768599731772e-05	0.000544067077877821	1.41180604097593
CD24	1.09791579476261	5.41286178175984	4.06754956950708	5.81220966032675e-05	0.000547414334415845	1.40464950338511
MUC13	1.22380549445289	4.03571202275857	3.9577523485914	9.07645627069551e-05	0.00077710206185672	0.990378081028212
HSD17B13	-1.25960708013692	4.38594289250659	-3.75212479856548	0.000203572214099474	0.00145095331958179	0.242580029688766
CYP7A1	-1.03374483799528	4.39459888727425	-3.68201212468456	0.000265960692228359	0.00178631196170234	-0.00396763539901546
ALDH3A1	1.14761905101541	2.93408460942747	3.63648073227465	0.000315683143096728	0.00204833262277906	-0.161765689687122
GPC3	1.12093629855955	7.55707604750152	3.51483991122789	0.000494749343963356	0.00290987571418785	-0.57436940631599
CYP3A4	-1.3278521494644	5.88807315622077	-3.26133718891846	0.00121215916806342	0.00585704993760004	-1.39196980245341
CRP	1.10197040218268	8.33909909002013	2.74803785864377	0.00628975468823165	0.021605646280165	-2.86965867346843
